DD/MM/AAAA HH:MM      DIRS      DIRR      VELS      VELR      TEMP        HR        PB      PREC   RADSOL
26/01/2019 17:00
26/01/2019 18:00
26/01/2019 19:00
26/01/2019 20:00
26/01/2019 21:00
26/01/2019 22:00
26/01/2019 23:00
27/01/2019 00:00
27/01/2019 01:00
27/01/2019 02:00
27/01/2019 03:00
27/01/2019 04:00
27/01/2019 05:00
27/01/2019 06:00
27/01/2019 07:00
27/01/2019 08:00
27/01/2019 09:00
27/01/2019 10:00
27/01/2019 11:00
27/01/2019 12:00
27/01/2019 13:00
27/01/2019 14:00
27/01/2019 15:00
27/01/2019 16:00
27/01/2019 17:00
27/01/2019 18:00
27/01/2019 19:00
27/01/2019 20:00       234       224      6.54     17.90      22.8        15     875.2       0.0     730.0
27/01/2019 21:00       273       307     11.92     26.20      23.8        14     874.3       0.0     622.2
27/01/2019 22:00       265       312     13.90     30.20      23.3        14     874.1       0.0     489.8
27/01/2019 23:00       298       330      9.69     28.00      22.6        15     873.8       0.0     271.8
28/01/2019 00:00       271       280      9.70     23.60      20.5        18     873.6       0.0      68.7
28/01/2019 01:00       309       346      7.36     19.50      17.0        24     873.8       0.0       0.0
28/01/2019 02:00       280       300      1.51     11.60      14.3        28     873.7       0.0       0.0
28/01/2019 03:00       324       346      6.69     17.70      13.9        27     874.0       0.0       0.0
28/01/2019 04:00       241       231      5.68      8.70      11.8        32     874.1       0.0       0.0
28/01/2019 05:00       309       320      1.44      7.50      10.7        34     873.7       0.0       0.0
28/01/2019 06:00        75       114      3.06      5.70       9.8        34     873.6       0.0       0.0
28/01/2019 07:00       292       329      2.40      8.20       8.5        38     873.3       0.0       0.0
28/01/2019 08:00       279       360      1.04      5.30       7.9        40     873.1       0.0       0.0
28/01/2019 09:00        87       103      5.18     10.20       7.6        39     872.9       0.0       0.0
28/01/2019 10:00       240       329      0.83      6.10       6.3        43     872.8       0.0       0.0
28/01/2019 11:00        72        75      1.54      4.50       6.5        42     872.8       0.0       0.0
28/01/2019 12:00        91        98      4.46      8.80       6.3        42     872.6       0.0       0.0
28/01/2019 13:00       324        96      2.43      6.10       5.6        44     872.6       0.0       0.0
28/01/2019 14:00       306       304      0.82      5.00       5.9        44     873.1       0.0      20.7
28/01/2019 15:00        83        93      4.30      8.40       9.8        38     873.3       0.0     233.0
28/01/2019 16:00        92       111      3.91      8.00      14.2        31     873.4       0.0     445.7
28/01/2019 17:00       119       152      4.33     10.50      17.6        26     873.6       0.0     590.8
28/01/2019 18:00         5       360      3.38     14.40      19.7        22     873.5       0.0     647.8
28/01/2019 19:00       355       359      7.89     19.20      19.9        18     873.1       0.0     727.3
28/01/2019 20:00       318       349      7.37     20.00      21.2        19     872.4       0.0     719.2
28/01/2019 21:00       335       348      8.99     20.80      22.1        19     871.9       0.0     580.5
28/01/2019 22:00       344       328      9.07     21.90      21.9        20     871.7       0.0     414.8
28/01/2019 23:00       339       293      9.53     24.00      21.5        20     871.6       0.0     174.7
29/01/2019 00:00       317       349      5.20     17.10      19.3        22     871.8       0.0      37.2
29/01/2019 01:00       273       282      5.33     11.90      16.9        27     872.1       0.0       0.0
29/01/2019 02:00       293       310      3.87     11.70      15.0        30     872.9       0.0       0.0
29/01/2019 03:00       256       306      7.70     11.90      14.1        32     873.4       0.0       0.0
29/01/2019 04:00       242       264      5.26     11.90      13.2        34     873.8       0.0       0.0
29/01/2019 05:00       166       256      1.35      8.40      12.4        37     873.7       0.0       0.0
29/01/2019 06:00       252       210      2.24      9.20      11.3        40     873.6       0.0       0.0
29/01/2019 07:00        64        20      1.15      6.60      10.9        41     873.3       0.0       0.0
29/01/2019 08:00        92       116      4.92      8.20      10.5        43     873.1       0.0       0.0
29/01/2019 09:00       355       124      2.32     10.60       9.7        44     872.4       0.0       0.0
29/01/2019 10:00       235       278      1.73      8.10       8.3        49     872.3       0.0       0.0
29/01/2019 11:00       100       106      5.28      8.20       7.3        50     872.0       0.0       0.0
29/01/2019 12:00       281       307      3.88      6.30       7.3        51     871.8       0.0       0.0
29/01/2019 13:00       350       335      1.60      6.20       7.7        50     872.0       0.0       0.0
29/01/2019 14:00       275       269      3.41      7.00       7.8        50     872.2       0.0       6.2
29/01/2019 15:00       231       273      1.93     10.20       9.6        47     872.4       0.0      93.0
29/01/2019 16:00       299       296      2.26      9.20      12.8        38     872.6       0.0     197.5
29/01/2019 17:00       250       267      6.97     21.60      15.5        33     872.9       0.0     302.2
29/01/2019 18:00       221       247      9.65     21.10      17.4        29     872.7       0.0     343.2
29/01/2019 19:00       244       278      8.80     22.80      18.0        29     871.9       0.0     266.2
29/01/2019 20:00       254       319     10.13     23.10      19.5        28     870.9       0.0     494.2
29/01/2019 21:00       268       275     16.81     32.30      21.1        23     870.4       0.0     637.2
29/01/2019 22:00       249       264     14.99     29.50      21.0        23     870.2       0.0     500.5
29/01/2019 23:00       261       274     15.14     27.70      19.7        24     869.9       0.0     187.2
30/01/2019 00:00       253       278      9.82     21.00      18.0        26     869.9       0.0      37.7
30/01/2019 01:00       236       236      8.17     17.10      16.7        30     870.1       0.0       0.0
30/01/2019 02:00       243       257     10.89     19.10      15.6        32     870.5       0.0       0.0
30/01/2019 03:00       246       242      7.03     17.80      14.5        34     870.7       0.0       0.0
30/01/2019 04:00       245       276      4.40     10.80      13.8        36     870.8       0.0       0.0
30/01/2019 05:00        94        89      4.61      8.00      12.7        38     870.9       0.0       0.0
30/01/2019 06:00       219       202      4.03      8.60      12.7        38     870.9       0.0       0.0
30/01/2019 07:00       153       158      5.08     14.60      13.1        38     870.6       0.0       0.0
30/01/2019 08:00       278       298      2.49      8.00      12.5        41     870.5       0.0       0.0
30/01/2019 09:00       330       314      1.09      7.80      11.0        45     870.4       0.0       0.0
30/01/2019 10:00       323       336      3.12      6.80       9.2        50     870.5       0.0       0.0
30/01/2019 11:00        44        94      2.09      4.40       8.8        51     870.5       0.0       0.0
30/01/2019 12:00       284       311      2.50      6.50       9.2        51     870.4       0.0       0.0
30/01/2019 13:00        92       359      3.03      6.10       9.3        52     870.7       0.0       0.0
30/01/2019 14:00       226       248      0.80      6.70       9.5        52     871.0       0.0       4.5
30/01/2019 15:00       263       300      2.64      6.80      10.5        49     871.7       0.0      44.7
30/01/2019 16:00        93        96      4.30     11.20      12.4        45     872.2       0.0     177.7
30/01/2019 17:00        80        91      7.16     13.50      14.7        39     872.6       0.0     354.7
30/01/2019 18:00       199       218      9.09     20.50      17.2        32     872.4       0.0     605.3
30/01/2019 19:00       225       264     13.16     27.00      17.9        30     871.7       0.0     536.0
30/01/2019 20:00       187       223     12.26     30.20      18.4        30     870.8       0.0     513.5
30/01/2019 21:00       222       260     12.50     28.10      18.7        31     870.4       0.0     390.8
30/01/2019 22:00       240       267     14.25     32.40      18.6        29     870.2       0.0     290.0
30/01/2019 23:00       235       248     13.72     24.70      17.5        30     870.2       0.0     117.3
31/01/2019 00:00       228       235     10.66     22.00      16.8        30     870.5       0.0      45.7
31/01/2019 01:00       223       229      7.49     17.40      16.1        32     870.6       0.0       2.3
31/01/2019 02:00       250       260      5.04     10.20      14.9        35     871.1       0.0       0.0
31/01/2019 03:00       269       273      4.03      8.00      13.8        38     871.5       0.0       0.0
31/01/2019 04:00       285       278      5.17      9.40      12.9        40     871.9       0.0       0.0
31/01/2019 05:00       193       225      5.48     15.10      12.4        44     872.1       0.0       0.0
31/01/2019 06:00       214       225     14.46     25.40      13.4        42     872.2       0.0       0.0
31/01/2019 07:00       238       225      7.27     25.20      12.5        44     872.5       0.0       0.0
31/01/2019 08:00       109       272      2.15     10.20      10.7        49     872.5       0.0       0.0
31/01/2019 09:00       253       309      3.05      6.20       9.7        52     872.6       0.0       0.0
31/01/2019 10:00        24       355      2.06      5.40       9.0        54     872.7       0.0       0.0
31/01/2019 11:00       261       236      1.85      6.00       7.7        58     872.7       0.0       0.0
31/01/2019 12:00       267       268      2.48      5.60       7.1        60     872.7       0.0       0.0
31/01/2019 13:00       359       347      2.10      7.60       7.0        60     872.9       0.0       0.0
31/01/2019 14:00       253       254      2.63      5.70       6.9        62     873.3       0.0      22.0
31/01/2019 15:00       237       182      0.42      6.60      10.6        52     873.8       0.0     203.8
31/01/2019 16:00        85        97      4.80     10.90      13.9        44     874.3       0.0     443.3
31/01/2019 17:00       206       244      2.88     12.90      16.1        38     874.5       0.0     600.8
31/01/2019 18:00       173       259      5.31     20.30      17.7        34     874.3       0.0     714.2
31/01/2019 19:00       214       220     11.67     23.50      18.3        30     873.7       0.0     728.5
31/01/2019 20:00       196       230     12.68     26.70      18.6        25     872.9       0.0     741.5
31/01/2019 21:00       209       234     13.27     30.10      18.8        28     872.4       0.0     555.5
31/01/2019 22:00       200       225     13.21     29.50      18.8        31     872.0       0.0     411.3
31/01/2019 23:00       212       214     12.75     28.70      17.8        32     872.0       0.0     163.5
01/02/2019 00:00       228       238     12.71     29.20      16.7        38     872.0       0.0      40.2
01/02/2019 01:00       214       226      6.66     14.70      15.7        42     872.0       0.0       1.7
01/02/2019 02:00       198       219      5.05      9.50      14.6        45     872.3       0.0       0.0
01/02/2019 03:00       245       253      8.84     15.60      13.4        49     872.7       0.0       0.0
01/02/2019 04:00       209       218      9.20     20.50      14.1        51     873.0       0.0       0.0
01/02/2019 05:00       162       208      6.77     16.10      13.6        53     873.0       0.0       0.0
01/02/2019 06:00       146       168      7.67     14.80      12.7        59     873.2       0.0       0.0
01/02/2019 07:00       174       171      7.14     19.50      12.7        63     873.0       0.0       0.0